-3.141590
-3.131600
-3.121610
-3.111630
-3.101640
-3.091650
-3.081660
-3.071670
-3.061680
-3.051690
-3.041700
-3.031710
-3.021720
-3.011730
-3.001740
-2.991760
-2.981770
-2.971780
-2.961790
-2.951800
-2.941810
-2.931820
-2.921830
-2.911840
-2.901850
-2.891860
-2.881870
-2.871890
-2.861900
-2.851910
-2.841920
-2.831930
-2.821940
-2.811950
-2.801960
-2.791970
-2.781980
-2.771990
-2.762000
-2.752020
-2.742030
-2.732040
-2.722050
-2.712060
-2.702070
-2.692080
-2.682090
-2.672100
-2.662110
-2.652120
-2.642130
-2.632150
-2.622160
-2.612170
-2.602180
-2.592190
-2.582200
-2.572210
-2.562220
-2.552230
-2.542240
-2.532250
-2.522260
-2.512280
-2.502290
-2.492300
-2.482310
-2.472320
-2.462330
-2.452340
-2.442350
-2.432360
-2.422370
-2.412380
-2.402390
-2.392410
-2.382420
-2.372430
-2.362440
-2.352450
-2.342460
-2.332470
-2.322480
-2.312490
-2.302500
-2.292510
-2.282520
-2.272540
-2.262550
-2.252560
-2.242570
-2.232580
-2.222590
-2.212600
-2.202610
-2.192620
-2.182630
-2.172640
-2.162650
-2.152670
-2.142680
-2.132690
-2.122700
-2.112710
-2.102720
-2.092730
-2.082740
-2.072750
-2.062760
-2.052770
-2.042780
-2.032800
-2.022810
-2.012820
-2.002830
-1.992840
-1.982850
-1.972860
-1.962870
-1.952880
-1.942890
-1.932900
-1.922910
-1.912930
-1.902940
-1.892950
-1.882960
-1.872970
-1.862980
-1.852990
-1.843000
-1.833010
-1.823020
-1.813030
-1.803040
-1.793060
-1.783070
-1.773080
-1.763090
-1.753100
-1.743110
-1.733120
-1.723130
-1.713140
-1.703150
-1.693160
-1.683170
-1.673190
-1.663200
-1.653210
-1.643220
-1.633230
-1.623240
-1.613250
-1.603260
-1.593270
-1.583280
-1.573290
-1.563300
-1.553320
-1.543330
-1.533340
-1.523350
-1.513360
-1.503370
-1.493380
-1.483390
-1.473400
-1.463410
-1.453420
-1.443430
-1.433450
-1.423460
-1.413470
-1.403480
-1.393490
-1.383500
-1.373510
-1.363520
-1.353530
-1.343540
-1.333550
-1.323560
-1.313580
-1.303590
-1.293600
-1.283610
-1.273620
-1.263630
-1.253640
-1.243650
-1.233660
-1.223670
-1.213680
-1.203690
-1.193710
-1.183720
-1.173730
-1.163740
-1.153750
-1.143760
-1.133770
-1.123780
-1.113790
-1.103800
-1.093810
-1.083820
-1.073840
-1.063850
-1.053860
-1.043870
-1.033880
-1.023890
-1.013900
-1.003910
-0.993920
-0.983930
-0.973940
-0.963950
-0.953970
-0.943980
-0.933990
-0.924000
-0.914010
-0.904020
-0.894030
-0.884040
-0.874050
-0.864060
-0.854070
-0.844080
-0.834100
-0.824110
-0.814120
-0.804130
-0.794140
-0.784150
-0.774160
-0.764170
-0.754180
-0.744190
-0.734200
-0.724210
-0.714230
-0.704240
-0.694250
-0.684260
-0.674270
-0.664280
-0.654290
-0.644300
-0.634310
-0.624320
-0.614330
-0.604340
-0.594360
-0.584370
-0.574380
-0.564390
-0.554400
-0.544410
-0.534420
-0.524430
-0.514440
-0.504450
-0.494460
-0.484470
-0.474490
-0.464500
-0.454510
-0.444520
-0.434530
-0.424540
-0.414550
-0.404560
-0.394570
-0.384580
-0.374590
-0.364600
-0.354620
-0.344630
-0.334640
-0.324650
-0.314660
-0.304670
-0.294680
-0.284690
-0.274700
-0.264710
-0.254720
-0.244730
-0.234750
-0.224760
-0.214770
-0.204780
-0.194790
-0.184800
-0.174810
-0.164820
-0.154830
-0.144840
-0.134850
-0.124860
-0.114880
-0.104890
-0.094900
-0.084910
-0.074920
-0.064930
-0.054940
-0.044950
-0.034960
-0.024970
-0.014980
-0.004990
0.004990
0.014980
0.024970
0.034960
0.044950
0.054940
0.064930
0.074920
0.084910
0.094900
0.104890
0.114880
0.124860
0.134850
0.144840
0.154830
0.164820
0.174810
0.184800
0.194790
0.204780
0.214770
0.224760
0.234750
0.244730
0.254720
0.264710
0.274700
0.284690
0.294680
0.304670
0.314660
0.324650
0.334640
0.344630
0.354620
0.364600
0.374590
0.384580
0.394570
0.404560
0.414550
0.424540
0.434530
0.444520
0.454510
0.464500
0.474490
0.484470
0.494460
0.504450
0.514440
0.524430
0.534420
0.544410
0.554400
0.564390
0.574380
0.584370
0.594360
0.604340
0.614330
0.624320
0.634310
0.644300
0.654290
0.664280
0.674270
0.684260
0.694250
0.704240
0.714230
0.724210
0.734200
0.744190
0.754180
0.764170
0.774160
0.784150
0.794140
0.804130
0.814120
0.824110
0.834100
0.844080
0.854070
0.864060
0.874050
0.884040
0.894030
0.904020
0.914010
0.924000
0.933990
0.943980
0.953970
0.963950
0.973940
0.983930
0.993920
1.003910
1.013900
1.023890
1.033880
1.043870
1.053860
1.063850
1.073840
1.083820
1.093810
1.103800
1.113790
1.123780
1.133770
1.143760
1.153750
1.163740
1.173730
1.183720
1.193710
1.203690
1.213680
1.223670
1.233660
1.243650
1.253640
1.263630
1.273620
1.283610
1.293600
1.303590
1.313580
1.323560
1.333550
1.343540
1.353530
1.363520
1.373510
1.383500
1.393490
1.403480
1.413470
1.423460
1.433450
1.443430
1.453420
1.463410
1.473400
1.483390
1.493380
1.503370
1.513360
1.523350
1.533340
1.543330
1.553320
1.563300
1.573290
1.583280
1.593270
1.603260
1.613250
1.623240
1.633230
1.643220
1.653210
1.663200
1.673190
1.683170
1.693160
1.703150
1.713140
1.723130
1.733120
1.743110
1.753100
1.763090
1.773080
1.783070
1.793060
1.803040
1.813030
1.823020
1.833010
1.843000
1.852990
1.862980
1.872970
1.882960
1.892950
1.902940
1.912930
1.922910
1.932900
1.942890
1.952880
1.962870
1.972860
1.982850
1.992840
2.002830
2.012820
2.022810
2.032800
2.042780
2.052770
2.062760
2.072750
2.082740
2.092730
2.102720
2.112710
2.122700
2.132690
2.142680
2.152670
2.162650
2.172640
2.182630
2.192620
2.202610
2.212600
2.222590
2.232580
2.242570
2.252560
2.262550
2.272540
2.282520
2.292510
2.302500
2.312490
2.322480
2.332470
2.342460
2.352450
2.362440
2.372430
2.382420
2.392410
2.402390
2.412380
2.422370
2.432360
2.442350
2.452340
2.462330
2.472320
2.482310
2.492300
2.502290
2.512280
2.522260
2.532250
2.542240
2.552230
2.562220
2.572210
2.582200
2.592190
2.602180
2.612170
2.622160
2.632150
2.642130
2.652120
2.662110
2.672100
2.682090
2.692080
2.702070
2.712060
2.722050
2.732040
2.742030
2.752020
2.762000
2.771990
2.781980
2.791970
2.801960
2.811950
2.821940
2.831930
2.841920
2.851910
2.861900
2.871890
2.881870
2.891860
2.901850
2.911840
2.921830
2.931820
2.941810
2.951800
2.961790
2.971780
2.981770
2.991760
3.001740
3.011730
3.021720
3.031710
3.041700
3.051690
3.061680
3.071670
3.081660
3.091650
3.101640
3.111630
3.121610
3.131600
