-1.000000
-0.999950
-0.999800
-0.999551
-0.999202
-0.998753
-0.998205
-0.997556
-0.996809
-0.995961
-0.995015
-0.993969
-0.992824
-0.991580
-0.990237
-0.988796
-0.987256
-0.985616
-0.983879
-0.982043
-0.980110
-0.978078
-0.975949
-0.973723
-0.971399
-0.968979
-0.966461
-0.963850
-0.961140
-0.958335
-0.955433
-0.952436
-0.949345
-0.946158
-0.942877
-0.939502
-0.936033
-0.932471
-0.928816
-0.925071
-0.921231
-0.917299
-0.913275
-0.909160
-0.904955
-0.900659
-0.896273
-0.891798
-0.887234
-0.882581
-0.877840
-0.873016
-0.868101
-0.863099
-0.858011
-0.852837
-0.847578
-0.842234
-0.836806
-0.831295
-0.825701
-0.820024
-0.814266
-0.808432
-0.802512
-0.796512
-0.790432
-0.784273
-0.778036
-0.771722
-0.765330
-0.758862
-0.752318
-0.745699
-0.739006
-0.732246
-0.725406
-0.718493
-0.711509
-0.704454
-0.697329
-0.690134
-0.682870
-0.675538
-0.668138
-0.660672
-0.653140
-0.645550
-0.637889
-0.630163
-0.622375
-0.614525
-0.606613
-0.598641
-0.590609
-0.582518
-0.574369
-0.566163
-0.557900
-0.549590
-0.541217
-0.532790
-0.524309
-0.515776
-0.507192
-0.498557
-0.489873
-0.481139
-0.472358
-0.463529
-0.454654
-0.445743
-0.436778
-0.427770
-0.418718
-0.409626
-0.400492
-0.391318
-0.382106
-0.372855
-0.363567
-0.354242
-0.344883
-0.335498
-0.326070
-0.316610
-0.307118
-0.297596
-0.288044
-0.278463
-0.268855
-0.259219
-0.249558
-0.239872
-0.230162
-0.220438
-0.210683
-0.200907
-0.191111
-0.181296
-0.171462
-0.161612
-0.151745
-0.141863
-0.131968
-0.122059
-0.112137
-0.102215
-0.092272
-0.082320
-0.072360
-0.062393
-0.052420
-0.042441
-0.032458
-0.022472
-0.012483
-0.002494
0.007496
0.017475
0.027463
0.037448
0.047429
0.057405
0.067375
0.077339
0.087295
0.097242
0.107180
0.117107
0.127022
0.136915
0.146804
0.156678
0.166537
0.176379
0.186203
0.196009
0.205795
0.215561
0.225305
0.235027
0.244725
0.254389
0.264038
0.273660
0.283255
0.292821
0.302359
0.311866
0.321342
0.330786
0.340197
0.349574
0.358916
0.368213
0.377483
0.386715
0.395908
0.405062
0.414175
0.423247
0.432277
0.441264
0.450206
0.459104
0.467956
0.476752
0.485510
0.494219
0.502879
0.511489
0.520047
0.528554
0.537008
0.545408
0.553754
0.562045
0.570280
0.578449
0.586569
0.594631
0.602633
0.610575
0.618456
0.626275
0.634032
0.641726
0.649355
0.656920
0.664419
0.671845
0.679210
0.686509
0.693738
0.700898
0.707989
0.715009
0.721957
0.728833
0.735637
0.742367
0.749023
0.755598
0.762104
0.768534
0.774887
0.781163
0.787361
0.793480
0.799520
0.805481
0.811361
0.817160
0.822877
0.828507
0.834060
0.839529
0.844915
0.850216
0.855433
0.860564
0.865609
0.870568
0.875440
0.880225
0.884922
0.889526
0.894046
0.898476
0.902817
0.907068
0.911228
0.915298
0.919276
0.923162
0.926956
0.930658
0.934266
0.937779
0.941201
0.944529
0.947762
0.950902
0.953946
0.956895
0.959749
0.962507
0.965168
0.967734
0.970203
0.972573
0.974848
0.977025
0.979106
0.981088
0.982973
0.984760
0.986448
0.988038
0.989529
0.990922
0.992215
0.993409
0.994504
0.995500
0.996397
0.997195
0.997893
0.998491
0.998990
0.999389
0.999688
0.999888
0.999988
0.999988
0.999888
0.999688
0.999389
0.998990
0.998491
0.997893
0.997195
0.996397
0.995500
0.994504
0.993409
0.992215
0.990922
0.989529
0.988038
0.986448
0.984760
0.982973
0.981088
0.979106
0.977025
0.974848
0.972573
0.970203
0.967734
0.965168
0.962507
0.959749
0.956895
0.953946
0.950902
0.947762
0.944529
0.941201
0.937779
0.934266
0.930658
0.926956
0.923162
0.919276
0.915298
0.911228
0.907068
0.902817
0.898476
0.894046
0.889526
0.884922
0.880225
0.875440
0.870568
0.865609
0.860564
0.855433
0.850216
0.844915
0.839529
0.834060
0.828507
0.822877
0.817160
0.811361
0.805481
0.799520
0.793480
0.787361
0.781163
0.774887
0.768534
0.762104
0.755598
0.749023
0.742367
0.735637
0.728833
0.721957
0.715009
0.707989
0.700898
0.693738
0.686509
0.679210
0.671845
0.664419
0.656920
0.649355
0.641726
0.634032
0.626275
0.618456
0.610575
0.602633
0.594631
0.586569
0.578449
0.570280
0.562045
0.553754
0.545408
0.537008
0.528554
0.520047
0.511489
0.502879
0.494219
0.485510
0.476752
0.467956
0.459104
0.450206
0.441264
0.432277
0.423247
0.414175
0.405062
0.395908
0.386715
0.377483
0.368213
0.358916
0.349574
0.340197
0.330786
0.321342
0.311866
0.302359
0.292821
0.283255
0.273660
0.264038
0.254389
0.244725
0.235027
0.225305
0.215561
0.205795
0.196009
0.186203
0.176379
0.166537
0.156678
0.146804
0.136915
0.127022
0.117107
0.107180
0.097242
0.087295
0.077339
0.067375
0.057405
0.047429
0.037448
0.027463
0.017475
0.007496
-0.002494
-0.012483
-0.022472
-0.032458
-0.042441
-0.052420
-0.062393
-0.072360
-0.082320
-0.092272
-0.102215
-0.112137
-0.122059
-0.131968
-0.141863
-0.151745
-0.161612
-0.171462
-0.181296
-0.191111
-0.200907
-0.210683
-0.220438
-0.230162
-0.239872
-0.249558
-0.259219
-0.268855
-0.278463
-0.288044
-0.297596
-0.307118
-0.316610
-0.326070
-0.335498
-0.344883
-0.354242
-0.363567
-0.372855
-0.382106
-0.391318
-0.400492
-0.409626
-0.418718
-0.427770
-0.436778
-0.445743
-0.454654
-0.463529
-0.472358
-0.481139
-0.489873
-0.498557
-0.507192
-0.515776
-0.524309
-0.532790
-0.541217
-0.549590
-0.557900
-0.566163
-0.574369
-0.582518
-0.590609
-0.598641
-0.606613
-0.614525
-0.622375
-0.630163
-0.637889
-0.645550
-0.653140
-0.660672
-0.668138
-0.675538
-0.682870
-0.690134
-0.697329
-0.704454
-0.711509
-0.718493
-0.725406
-0.732246
-0.739006
-0.745699
-0.752318
-0.758862
-0.765330
-0.771722
-0.778036
-0.784273
-0.790432
-0.796512
-0.802512
-0.808432
-0.814266
-0.820024
-0.825701
-0.831295
-0.836806
-0.842234
-0.847578
-0.852837
-0.858011
-0.863099
-0.868101
-0.873016
-0.877840
-0.882581
-0.887234
-0.891798
-0.896273
-0.900659
-0.904955
-0.909160
-0.913275
-0.917299
-0.921231
-0.925071
-0.928816
-0.932471
-0.936033
-0.939502
-0.942877
-0.946158
-0.949345
-0.952436
-0.955433
-0.958335
-0.961140
-0.963850
-0.966461
-0.968979
-0.971399
-0.973723
-0.975949
-0.978078
-0.980110
-0.982043
-0.983879
-0.985616
-0.987256
-0.988796
-0.990237
-0.991580
-0.992824
-0.993969
-0.995015
-0.995961
-0.996809
-0.997556
-0.998205
-0.998753
-0.999202
-0.999551
-0.999800
-0.999950
