-0.000003
-0.009992
-0.019981
-0.029958
-0.039942
-0.049922
-0.059897
-0.069866
-0.079828
-0.089782
-0.099727
-0.109662
-0.119586
-0.129498
-0.139397
-0.149273
-0.159143
-0.168998
-0.178835
-0.188655
-0.198456
-0.208238
-0.217998
-0.227737
-0.237453
-0.247145
-0.256813
-0.266445
-0.276060
-0.285648
-0.295207
-0.304737
-0.314237
-0.323705
-0.333141
-0.342543
-0.351912
-0.361245
-0.370542
-0.379793
-0.389015
-0.398199
-0.407343
-0.416446
-0.425508
-0.434527
-0.443502
-0.452434
-0.461320
-0.470161
-0.478954
-0.487691
-0.496388
-0.505035
-0.513632
-0.522178
-0.530672
-0.539112
-0.547499
-0.555831
-0.564108
-0.572329
-0.580492
-0.588589
-0.596636
-0.604623
-0.612550
-0.620416
-0.628220
-0.635961
-0.643638
-0.651252
-0.658800
-0.666283
-0.673699
-0.681040
-0.688322
-0.695534
-0.702677
-0.709750
-0.716752
-0.723682
-0.730540
-0.737325
-0.744037
-0.750675
-0.757237
-0.763718
-0.770129
-0.776463
-0.782719
-0.788897
-0.794997
-0.801017
-0.806958
-0.812817
-0.818596
-0.824293
-0.829908
-0.835434
-0.840883
-0.846248
-0.851528
-0.856723
-0.861833
-0.866857
-0.871794
-0.876644
-0.881407
-0.886082
-0.890668
-0.895161
-0.899569
-0.903888
-0.908116
-0.912254
-0.916300
-0.920255
-0.924119
-0.927890
-0.931568
-0.935154
-0.938646
-0.942041
-0.945346
-0.948556
-0.951671
-0.954692
-0.957617
-0.960447
-0.963181
-0.965819
-0.968360
-0.970805
-0.973152
-0.975401
-0.977554
-0.979610
-0.981568
-0.983429
-0.985191
-0.986854
-0.988420
-0.989886
-0.991254
-0.992523
-0.993693
-0.994762
-0.995734
-0.996606
-0.997379
-0.998052
-0.998625
-0.999099
-0.999473
-0.999747
-0.999922
-0.999997
-0.999972
-0.999847
-0.999623
-0.999299
-0.998875
-0.998351
-0.997728
-0.997005
-0.996182
-0.995261
-0.994240
-0.993119
-0.991900
-0.990583
-0.989166
-0.987650
-0.986035
-0.984322
-0.982511
-0.980602
-0.978595
-0.976490
-0.974288
-0.971989
-0.969592
-0.967102
-0.964512
-0.961826
-0.959045
-0.956167
-0.953194
-0.950126
-0.946963
-0.943706
-0.940354
-0.936909
-0.933370
-0.929741
-0.926017
-0.922199
-0.918290
-0.914289
-0.910197
-0.906014
-0.901741
-0.897378
-0.892925
-0.888383
-0.883752
-0.879038
-0.874231
-0.869337
-0.864357
-0.859290
-0.854137
-0.848900
-0.843577
-0.838170
-0.832680
-0.827107
-0.821451
-0.815718
-0.809899
-0.803999
-0.798019
-0.791959
-0.785819
-0.779602
-0.773307
-0.766934
-0.760485
-0.753960
-0.747360
-0.740692
-0.733944
-0.727122
-0.720227
-0.713261
-0.706224
-0.699116
-0.691938
-0.684691
-0.677376
-0.669993
-0.662544
-0.655036
-0.647455
-0.639809
-0.632100
-0.624327
-0.616492
-0.608596
-0.600639
-0.592622
-0.584546
-0.576411
-0.568219
-0.559979
-0.551674
-0.543314
-0.534901
-0.526433
-0.517913
-0.509342
-0.500720
-0.492047
-0.483326
-0.474556
-0.465739
-0.456885
-0.447976
-0.439022
-0.430025
-0.420984
-0.411902
-0.402778
-0.393614
-0.384411
-0.375170
-0.365891
-0.356576
-0.347234
-0.337848
-0.328429
-0.318977
-0.309493
-0.299978
-0.290434
-0.280860
-0.271258
-0.261629
-0.251974
-0.242294
-0.232600
-0.222872
-0.213123
-0.203352
-0.193561
-0.183750
-0.173921
-0.164075
-0.154212
-0.144334
-0.134442
-0.124536
-0.114627
-0.104698
-0.094758
-0.084808
-0.074850
-0.064884
-0.054912
-0.044935
-0.034953
-0.024967
-0.014979
-0.004990
0.004990
0.014979
0.024967
0.034953
0.044935
0.054912
0.064884
0.074850
0.084808
0.094758
0.104698
0.114627
0.124536
0.134442
0.144334
0.154212
0.164075
0.173921
0.183750
0.193561
0.203352
0.213123
0.222872
0.232600
0.242294
0.251974
0.261629
0.271258
0.280860
0.290434
0.299978
0.309493
0.318977
0.328429
0.337848
0.347234
0.356576
0.365891
0.375170
0.384411
0.393614
0.402778
0.411902
0.420984
0.430025
0.439022
0.447976
0.456885
0.465739
0.474556
0.483326
0.492047
0.500720
0.509342
0.517913
0.526433
0.534901
0.543314
0.551674
0.559979
0.568219
0.576411
0.584546
0.592622
0.600639
0.608596
0.616492
0.624327
0.632100
0.639809
0.647455
0.655036
0.662544
0.669993
0.677376
0.684691
0.691938
0.699116
0.706224
0.713261
0.720227
0.727122
0.733944
0.740692
0.747360
0.753960
0.760485
0.766934
0.773307
0.779602
0.785819
0.791959
0.798019
0.803999
0.809899
0.815718
0.821451
0.827107
0.832680
0.838170
0.843577
0.848900
0.854137
0.859290
0.864357
0.869337
0.874231
0.879038
0.883752
0.888383
0.892925
0.897378
0.901741
0.906014
0.910197
0.914289
0.918290
0.922199
0.926017
0.929741
0.933370
0.936909
0.940354
0.943706
0.946963
0.950126
0.953194
0.956167
0.959045
0.961826
0.964512
0.967102
0.969592
0.971989
0.974288
0.976490
0.978595
0.980602
0.982511
0.984322
0.986035
0.987650
0.989166
0.990583
0.991900
0.993119
0.994240
0.995261
0.996182
0.997005
0.997728
0.998351
0.998875
0.999299
0.999623
0.999847
0.999972
0.999997
0.999922
0.999747
0.999473
0.999099
0.998625
0.998052
0.997379
0.996606
0.995734
0.994762
0.993693
0.992523
0.991254
0.989886
0.988420
0.986854
0.985191
0.983429
0.981568
0.979610
0.977554
0.975401
0.973152
0.970805
0.968360
0.965819
0.963181
0.960447
0.957617
0.954692
0.951671
0.948556
0.945346
0.942041
0.938646
0.935154
0.931568
0.927890
0.924119
0.920255
0.916300
0.912254
0.908116
0.903888
0.899569
0.895161
0.890668
0.886082
0.881407
0.876644
0.871794
0.866857
0.861833
0.856723
0.851528
0.846248
0.840883
0.835434
0.829908
0.824293
0.818596
0.812817
0.806958
0.801017
0.794997
0.788897
0.782719
0.776463
0.770129
0.763718
0.757237
0.750675
0.744037
0.737325
0.730540
0.723682
0.716752
0.709750
0.702677
0.695534
0.688322
0.681040
0.673699
0.666283
0.658800
0.651252
0.643638
0.635961
0.628220
0.620416
0.612550
0.604623
0.596636
0.588589
0.580492
0.572329
0.564108
0.555831
0.547499
0.539112
0.530672
0.522178
0.513632
0.505035
0.496388
0.487691
0.478954
0.470161
0.461320
0.452434
0.443502
0.434527
0.425508
0.416446
0.407343
0.398199
0.389015
0.379793
0.370542
0.361245
0.351912
0.342543
0.333141
0.323705
0.314237
0.304737
0.295207
0.285648
0.276060
0.266445
0.256813
0.247145
0.237453
0.227737
0.217998
0.208238
0.198456
0.188655
0.178835
0.168998
0.159143
0.149273
0.139397
0.129498
0.119586
0.109662
0.099727
0.089782
0.079828
0.069866
0.059897
0.049922
0.039942
0.029958
0.019981
0.009992
